6939
1516
4833
9757
2706
1330
7659
6
7065
6191
1012
9124
7311
1301
8831
6778
3578
3769
515
5612
261
3917
9616
7926
3018
2638
7646
7519
5263
6485
1555
51
429
3531
8470
7719
1030
3309
4595
5411
6491
7507
9383
2046
5251
9286
9690
1328
3580
3679
3869
5502
914
6135
226
7222
4726
2276
9637
9485
1947
3227
7771
4373
1970
3000
2582
4118
1833
384
9421
6631
2299
1491
6103
8776
6142
9560
3677
5168
5880
1500
9374
119
1783
2762
7271
680
1894
5872
370
908
4323
5964
8020
9528
4235
4837
8525
2844
3685
14
2579
2479
2414
6823
6913
7390
342
7023
5159
3997
5687
4712
3149
7882
4645
7252
6845
3403
26
3305
4360
2627
616
1730
3277
5461
5991
5018
1816
5924
5480
3829
9289
1517
242
6056
7881
2812
2164
9234
7933
3554
2441
2872
2907
5456
8357
2716
5430
5366
6762
589
4018
1168
438
5032
9263
4320
6243
4566
1577
9493
2102
9776
7793
3896
109
4781
2791
8973
9349
9217
5482
2158
4014
1158
7981
5793
3635
9339
7776
2705
4442
3094
3923
1884
3841
3614
4965
9660
7090
8117
3715
2842
5494
5591
6265
4506
8077
7721
4068
8297
5435
7158
6751
4585
2186
7555
447
6284
4152
3205
5564
9392
3855
8025
8157
8195
3007
7924
870
3161
8392
8835
6689
4625
8530
6318
232
1822
3339
1546
2965
5953
8028
3629
1171
2066
2803
5867
8822
4438
4729
7136
3414
3495
361
8180
6337
4730
5883
6226
1656
8632
5178
7133
7365
45
9376
1340
4599
6403
765
291
4590
4740
7759
7008
5694
1074
6642
3090
9738
7811
5951
6505
7588
6278
4218
6285
5184
1354
7304
2708
2204
3651
5190
4470
4688
3212
359
3683
3019
1804
7227
2547
2095
1318
8315
2398
9471
1258
2072
3569
885
99
9143
7968
484
5957
6449
6148
6549
1347
2956
7138
7796
6396
7730
9719
2514
5173
4875
305
7757
9417
2590
7216
2200
4133
4020
1362
9613
7326
898
918
4238
4013
8665
3447
2328
9127
1640
7600
5759
7154
3333
9080
4661
842
9503
7695
1420
862
4735
1239
7720
8223
5058
2689
6999
2130
2238
8655
6136
7302
8240
97
6030
9755
7495
4848
1520
7604
1872
4313
1161
3661
5216
4374
4429
6219
1717
6997
6470
1163
2811
4587
3960
2317
2997
1417
5524
2155
6321
4291
3193
8791
2923
2647
2068
798
4617
5161
5956
33
4215
959
8678
9150
4378
7597
6776
9051
2536
8648
9031
5095
2810
5717
8737
5807
9488
8657
3666
629
488
1645
8251
5834
2520
5504
8834
7660
1148
1805
7435
6726
5772
7425
887
6644
976
2032
3792
7607
8173
6095
8506
5923
7250
9380
2226
4145
7053
7789
4037
3995
6006
1044
8647
9367
8019
2665
6257
4788
67
6097
3502
8147
3750
7991
9342
1383
2783
660
1792
6763
231
143
3586
1700
464
2322
2533
7669
7226
5746
2094
6501
3221
3751
3028
1133
4448
6712
8150
2550
4993
7286
6509
286
3185
2937
4530
6722
8057
1507
3892
4583
8022
1009
926
5517
2112
5352
8753
4254
498
7864
4592
8601
8350
9512
2358
5096
8522
7270
1854
9258
722
3987
8768
845
1034
1037
8252
9261
5557
9419
7608
2028
9141
8308
7241
1323
1459
7814
6651
7022
7595
6538
8405
3096
8385
889
7099
5306
5392
8376
8905
3064
7917
2732
2375
8244
8952
9355
3700
5436
4341
4213
8535
9106
7442
5597
8743
576
7071
9547
1015
2128
2400
673
893
3847
9275
2663
525
3631
7562
2559
427
4000
8069
1572
4352
4074
5662
5777
5960
1280
6274
8403
84
3192
8561
7781
2029
861
5091
7526
6959
5863
164
5155
2354
2988
5309
5765
5761
1422
8166
6738
7702
6594
2480
1075
8932
6541
3719
7913
1604
3650
4094
3478
1025
6089
4353
3511
9140
783
2189
3859
8484
4131
4194
4361
8876
2950
2650
6881
5908
1649
9351
5616
8163
1197
2628
6058
4255
5990
5434
8915
8995
2916
6714
6597
8853
5625
1567
5823
5413
2272
7504
5695
3171
7629
9514
2712
7677
8239
4766
8340
8058
7768
5405
2500
6887
6127
684
4409
9536
6895
2818
6749
5906
3410
5722
3006
5975
7247
6815
8
1503
2154
276
1341
4440
3082
304
7010
5655
2389
678
3909
7674
7296
1803
9576
6883
1723
4201
3142
2719
9009
2722
3543
189
1806
529
7841
7787
8233
4994
9424
7088
6395
6652
1416
685
2854
3197
5395
3147
7139
762
7359
6244
2831
5627
9429
3304
2149
3034
4098
9600
3713
3444
1794
5391
6565
5041
8711
4160
6905
1254
5345
4759
8320
3164
9469
180
651
6381
9665
6372
3405
4725
5051
5415
6313
6048
1968
8515
4277
6988
6075
9489
4428
6316
8177
7234
3462
7711
3102
2702
6710
925
8249
8391
1172
7941
574
4660
7395
9396
4142
7385
6437
90
9109
4553
3420
338
8168
5122
5719
530
8640
2781
4040
399
3516
2909
8634
3173
6345
1105
8541
6706
7503
8490
8945
1077
5940
2945
196
1684
4132
3913
3424
5987
1289
8587
6451
4170
9676
4041
8589
185
2669
740
1360
3369
5651
9591
2613
1477
6687
6899
1994
260
1952
415
8906
6035
1933
4692
5988
7335
4868
5466
6371
5265
41
2257
828
4570
128
5948
1277
8630
587
4445
8600
8321
3017
6203
8107
7194
4897
6467
2451
9813
4295
1679
5786
7845
5298
2114
1707
7396
9368
6645
7292
401
1885
9389
7574
2928
8796
636
4927
3585
6528
7102
4808
8814
7169
5821
7044
6777
6320
9282
727
7124
3256
1583
7774
2623
1305
9233
3144
6572
8770
2906
8277
444
6967
3145
7693
7553
3381
7415
7212
8676
5754
9445
1193
3819
239
4319
963
4524
1189
6359
4489
9566
5503
1631
7667
6379
4284
6968
8411
6268
5675
645
8960
3911
1287
1735
6817
5527
1181
2687
5484
8777
6676
7075
9295
6153
4286
6113
8878
6001
1992
3216
6472
8035
1901
4103
4322
909
9361
4531
3240
